-----False Positives Indices-----
319
1320
18093
18819
31543
39309
53985
70284
80126
99226
343664
361887
362325
374350
376779
379881
381051
386078
395320
395701
396134
396567
397032
397549
398639
402092
411268
417114
421932
454430
461766
470722
485146
488124
497845
552258
557819
558288
559180
602197
632232
-----False Negatives Indices-----
136226
138552
159364
160024
160693
165235
166407
171815
185068
188387
190075
190744
191455
192138
192789
193490
194173
194810
195503
196227
198452
199610
207663
218912
223189
230877
236273
237968
266038
292545
328999
353743
357861
365180
374067
375711
387112
388776
391637
393128
395181
420493
424535
462156
466112
492708
527903
530053
532956
536473
539386
543144
543793
546687
548833
551796
551907
560815
564913
566349
567803
568486
569921
570586
571186
571684
573143
574802
643411
646257
647321
649181
